Downloading: "https://download.pytorch.org/models/mobilenet_v3_small-047dcff4.pth" to /home/lss/.cache/torch/hub/checkpoints/mobilenet_v3_small-047dcff4.pth
100.0%
0.094116, 0.104030
successfully save!!
0.031895, 0.058669
successfully save!!
0.025587, 0.044734
successfully save!!
0.021845, 0.032774
successfully save!!
0.018929, 0.040791
0.020951, 0.027112
successfully save!!
0.017410, 0.022674
successfully save!!
0.014731, 0.024046
0.014804, 0.023457
0.014047, 0.022199
successfully save!!
0.014976, 0.024798
0.013963, 0.024796
0.011295, 0.019133
successfully save!!
0.010355, 0.020691
0.011237, 0.022510
0.011543, 0.022160
0.010801, 0.021973
0.009956, 0.026552
0.012279, 0.019734
0.009956, 0.019695
0.009169, 0.020877
0.009889, 0.019476
0.008879, 0.022520
0.008562, 0.025802
0.009209, 0.021377
0.010197, 0.028830
0.010142, 0.025492
0.008908, 0.027075
0.008811, 0.027431
0.008714, 0.023086
0.009391, 0.027358
0.009195, 0.019537
0.008350, 0.025674
0.007374, 0.025082
0.008725, 0.029896
0.008215, 0.022855
0.008585, 0.028153
0.007412, 0.026595
0.008547, 0.021937
0.006940, 0.026504
0.006466, 0.023784
0.007803, 0.023823
0.006567, 0.024685
0.006498, 0.022768
0.006609, 0.024951
0.006881, 0.022957
0.006473, 0.025842
0.007198, 0.022470
0.007048, 0.022486
0.006632, 0.024680
0.006494, 0.024156
0.008030, 0.027372
0.011260, 0.025588
0.009484, 0.032183
0.011369, 0.036980
0.008594, 0.023299
0.008701, 0.031845
0.007895, 0.023248
0.007145, 0.029590
0.006992, 0.024291
0.007683, 0.025497
0.008330, 0.032600
0.007341, 0.023218
0.007086, 0.021824
0.006802, 0.026979
0.007289, 0.028232
0.006517, 0.020790
0.006397, 0.022839
0.005960, 0.019991
0.006001, 0.022379
0.005940, 0.026816
0.006141, 0.022227
0.006952, 0.029638
0.006609, 0.024754
0.006119, 0.025493
0.006206, 0.023173
0.005978, 0.028721
0.007119, 0.029198
0.010388, 0.031393
0.012476, 0.032930
0.011651, 0.037715
0.010655, 0.035711
0.008797, 0.028725
0.009688, 0.028785
0.008191, 0.037892
0.006821, 0.017741
successfully save!!
0.006514, 0.023770
0.006313, 0.023861
0.006024, 0.021358
0.005708, 0.020909
0.005548, 0.021106
0.005531, 0.023160
0.007377, 0.027395
0.006558, 0.020983
0.007805, 0.019545
0.007121, 0.019980
0.006123, 0.023164
0.006340, 0.022989
0.005656, 0.023118

